SS_Excitation_Fitting v1.00.01: State-Spaces Matrices
0    %Wave heading angle
10          %time offset (tc)
22    %total # of states
14   0   0   0   8   0   %# states per degree of freedom
-5.328495e-03 -6.803571e-01 1.825526e-02 2.840470e-02 8.464930e-02 -2.712741e-02 5.943614e-02 -1.638214e-02 2.083980e-02 -3.773338e-02 -2.414751e-02 -2.589293e-02 1.928771e-02 -1.899725e-02 0.000000e+00 0.000000e+00 0.000000e+00 0.000000e+00 0.000000e+00 0.000000e+00 0.000000e+00 0.000000e+00 
6.803571e-01 -2.352602e-02 3.825434e-01 7.883864e-03 4.434454e-02 -1.738422e-01 6.292329e-02 -6.171507e-02 6.877774e-02 -5.816726e-02 -6.457442e-02 -4.707298e-02 4.629918e-02 -3.719876e-02 0.000000e+00 0.000000e+00 0.000000e+00 0.000000e+00 0.000000e+00 0.000000e+00 0.000000e+00 0.000000e+00 
1.825526e-02 -3.825434e-01 -6.340565e-02 -8.489457e-01 -5.471751e-01 9.682861e-02 -2.656703e-01 6.015573e-02 -7.728723e-02 1.540779e-01 9.127316e-02 1.027667e-01 -7.375478e-02 7.456459e-02 0.000000e+00 0.000000e+00 0.000000e+00 0.000000e+00 0.000000e+00 0.000000e+00 0.000000e+00 0.000000e+00 
-2.840470e-02 7.883864e-03 8.489457e-01 -2.677778e-03 -1.527150e-02 8.971816e-02 -2.234539e-02 2.602627e-02 -2.809644e-02 2.125479e-02 2.531621e-02 1.749093e-02 -1.783721e-02 1.394114e-02 0.000000e+00 0.000000e+00 0.000000e+00 0.000000e+00 0.000000e+00 0.000000e+00 0.000000e+00 0.000000e+00 
-8.464930e-02 4.434454e-02 5.471751e-01 -1.527150e-02 -8.837630e-02 1.115110e+00 -1.337839e-01 1.983546e-01 -2.031367e-01 1.316139e-01 1.720235e-01 1.105766e-01 -1.182702e-01 8.910552e-02 0.000000e+00 0.000000e+00 0.000000e+00 0.000000e+00 0.000000e+00 0.000000e+00 0.000000e+00 0.000000e+00 
-2.712741e-02 1.738422e-01 9.682861e-02 -8.971816e-02 -1.115110e+00 -1.566787e-01 9.727259e-01 -1.039501e-01 1.368695e-01 -3.658399e-01 -1.698375e-01 -2.210092e-01 1.416946e-01 -1.547630e-01 0.000000e+00 0.000000e+00 0.000000e+00 0.000000e+00 0.000000e+00 0.000000e+00 0.000000e+00 0.000000e+00 
-5.943614e-02 6.292329e-02 2.656703e-01 -2.234539e-02 -1.337839e-01 -9.727259e-01 -2.207088e-01 1.227721e+00 -7.578925e-01 2.391425e-01 4.452344e-01 2.146859e-01 -2.743405e-01 1.796038e-01 0.000000e+00 0.000000e+00 0.000000e+00 0.000000e+00 0.000000e+00 0.000000e+00 0.000000e+00 0.000000e+00 
-1.638214e-02 6.171507e-02 6.015573e-02 -2.602627e-02 -1.983546e-01 -1.039501e-01 -1.227721e+00 -7.513277e-02 1.025034e-01 -5.575781e-01 -1.376139e-01 -2.434077e-01 1.215025e-01 -1.559442e-01 0.000000e+00 0.000000e+00 0.000000e+00 0.000000e+00 0.000000e+00 0.000000e+00 0.000000e+00 0.000000e+00 
2.083980e-02 -6.877774e-02 -7.728723e-02 2.809644e-02 2.031367e-01 1.368695e-01 7.578925e-01 1.025034e-01 -1.421094e-01 1.487208e+00 1.983241e-01 4.317120e-01 -1.805973e-01 2.574634e-01 0.000000e+00 0.000000e+00 0.000000e+00 0.000000e+00 0.000000e+00 0.000000e+00 0.000000e+00 0.000000e+00 
3.773338e-02 -5.816726e-02 -1.540779e-01 2.125479e-02 1.316139e-01 3.658399e-01 2.391425e-01 5.575781e-01 -1.487208e+00 -2.960453e-01 -1.607637e+00 -2.973133e-01 5.940182e-01 -2.676380e-01 0.000000e+00 0.000000e+00 0.000000e+00 0.000000e+00 0.000000e+00 0.000000e+00 0.000000e+00 0.000000e+00 
-2.414751e-02 6.457442e-02 9.127316e-02 -2.531621e-02 -1.720235e-01 -1.698375e-01 -4.452344e-01 -1.376139e-01 1.983241e-01 1.607637e+00 -3.068385e-01 -1.960043e+00 3.069239e-01 -6.821805e-01 0.000000e+00 0.000000e+00 0.000000e+00 0.000000e+00 0.000000e+00 0.000000e+00 0.000000e+00 0.000000e+00 
2.589293e-02 -4.707298e-02 -1.027667e-01 1.749093e-02 1.105766e-01 2.210092e-01 2.146859e-01 2.434077e-01 -4.317120e-01 -2.973133e-01 1.960043e+00 -3.365984e-01 2.076594e+00 -3.334160e-01 0.000000e+00 0.000000e+00 0.000000e+00 0.000000e+00 0.000000e+00 0.000000e+00 0.000000e+00 0.000000e+00 
1.928771e-02 -4.629918e-02 -7.375478e-02 1.783721e-02 1.182702e-01 1.416946e-01 2.743405e-01 1.215025e-01 -1.805973e-01 -5.940182e-01 3.069239e-01 -2.076594e+00 -3.407245e-01 2.403700e+00 0.000000e+00 0.000000e+00 0.000000e+00 0.000000e+00 0.000000e+00 0.000000e+00 0.000000e+00 0.000000e+00 
1.899725e-02 -3.719876e-02 -7.456459e-02 1.394114e-02 8.910552e-02 1.547630e-01 1.796038e-01 1.559442e-01 -2.574634e-01 -2.676380e-01 6.821805e-01 -3.334160e-01 -2.403700e+00 -3.626155e-01 0.000000e+00 0.000000e+00 0.000000e+00 0.000000e+00 0.000000e+00 0.000000e+00 0.000000e+00 0.000000e+00 
0.000000e+00 0.000000e+00 0.000000e+00 0.000000e+00 0.000000e+00 0.000000e+00 0.000000e+00 0.000000e+00 0.000000e+00 0.000000e+00 0.000000e+00 0.000000e+00 0.000000e+00 0.000000e+00 -1.693217e-03 -4.222804e-01 1.423512e-02 -1.818677e-02 -1.875149e-02 1.415888e-02 1.480654e-02 -1.077630e-02 
0.000000e+00 0.000000e+00 0.000000e+00 0.000000e+00 0.000000e+00 0.000000e+00 0.000000e+00 0.000000e+00 0.000000e+00 0.000000e+00 0.000000e+00 0.000000e+00 0.000000e+00 0.000000e+00 4.222804e-01 -5.810679e-02 2.909349e-01 -4.590915e-02 -6.475208e-02 1.219050e-01 7.310903e-02 -7.196194e-02 
0.000000e+00 0.000000e+00 0.000000e+00 0.000000e+00 0.000000e+00 0.000000e+00 0.000000e+00 0.000000e+00 0.000000e+00 0.000000e+00 0.000000e+00 0.000000e+00 0.000000e+00 0.000000e+00 1.423512e-02 -2.909349e-01 -1.324034e-01 5.591861e-01 3.376381e-01 -1.522526e-01 -1.991726e-01 1.256878e-01 
0.000000e+00 0.000000e+00 0.000000e+00 0.000000e+00 0.000000e+00 0.000000e+00 0.000000e+00 0.000000e+00 0.000000e+00 0.000000e+00 0.000000e+00 0.000000e+00 0.000000e+00 0.000000e+00 1.818677e-02 -4.590915e-02 -5.591861e-01 -4.348641e-02 -6.648100e-02 2.342863e-01 8.668419e-02 -1.042477e-01 
0.000000e+00 0.000000e+00 0.000000e+00 0.000000e+00 0.000000e+00 0.000000e+00 0.000000e+00 0.000000e+00 0.000000e+00 0.000000e+00 0.000000e+00 0.000000e+00 0.000000e+00 0.000000e+00 1.875149e-02 -6.475208e-02 -3.376381e-01 -6.648100e-02 -1.061382e-01 7.467675e-01 1.518537e-01 -2.176351e-01 
0.000000e+00 0.000000e+00 0.000000e+00 0.000000e+00 0.000000e+00 0.000000e+00 0.000000e+00 0.000000e+00 0.000000e+00 0.000000e+00 0.000000e+00 0.000000e+00 0.000000e+00 0.000000e+00 1.415888e-02 -1.219050e-01 -1.522526e-01 -2.342863e-01 -7.467675e-01 -2.345390e-01 -8.319469e-01 2.459892e-01 
0.000000e+00 0.000000e+00 0.000000e+00 0.000000e+00 0.000000e+00 0.000000e+00 0.000000e+00 0.000000e+00 0.000000e+00 0.000000e+00 0.000000e+00 0.000000e+00 0.000000e+00 0.000000e+00 -1.480654e-02 7.310903e-02 1.991726e-01 8.668419e-02 1.518537e-01 8.319469e-01 -2.795999e-01 1.056250e+00 
0.000000e+00 0.000000e+00 0.000000e+00 0.000000e+00 0.000000e+00 0.000000e+00 0.000000e+00 0.000000e+00 0.000000e+00 0.000000e+00 0.000000e+00 0.000000e+00 0.000000e+00 0.000000e+00 -1.077630e-02 7.196194e-02 1.256878e-01 1.042477e-01 2.176351e-01 2.459892e-01 -1.056250e+00 -3.626622e-01 
-1.087233e+02
 2.247231e+02
 3.335527e+02
 -6.750286e+01
 -3.435881e+02
 -4.117473e+02
 -4.041181e+02
 -2.123460e+02
 2.572334e+02
 3.235837e+02
 -2.734086e+02
 2.432318e+02
 2.080419e+02
 1.855190e+02
 3.599680e+02
 -2.059780e+03
 -2.310094e+03
 -1.156389e+03
 -1.465901e+03
 -1.766803e+03
 1.424608e+03
 1.205466e+03
 1.087233e+02 2.247231e+02 -3.335527e+02 -6.750286e+01 -3.435881e+02 4.117473e+02 -4.041181e+02 2.123460e+02 -2.572334e+02 3.235837e+02 2.734086e+02 2.432318e+02 -2.080419e+02 1.855190e+02 0.000000e+00 0.000000e+00 0.000000e+00 0.000000e+00 0.000000e+00 0.000000e+00 0.000000e+00 0.000000e+00 
0.000000e+00 0.000000e+00 0.000000e+00 0.000000e+00 0.000000e+00 0.000000e+00 0.000000e+00 0.000000e+00 0.000000e+00 0.000000e+00 0.000000e+00 0.000000e+00 0.000000e+00 0.000000e+00 3.599680e+02 2.059780e+03 -2.310094e+03 1.156389e+03 1.465901e+03 -1.766803e+03 -1.424608e+03 1.205466e+03 
0.000000e+00 0.000000e+00 0.000000e+00 0.000000e+00 0.000000e+00 0.000000e+00 0.000000e+00 0.000000e+00 0.000000e+00 0.000000e+00 0.000000e+00 0.000000e+00 0.000000e+00 0.000000e+00 0.000000e+00 0.000000e+00 0.000000e+00 0.000000e+00 0.000000e+00 0.000000e+00 0.000000e+00 0.000000e+00 
0.000000e+00 0.000000e+00 0.000000e+00 0.000000e+00 0.000000e+00 0.000000e+00 0.000000e+00 0.000000e+00 0.000000e+00 0.000000e+00 0.000000e+00 0.000000e+00 0.000000e+00 0.000000e+00 0.000000e+00 0.000000e+00 0.000000e+00 0.000000e+00 0.000000e+00 0.000000e+00 0.000000e+00 0.000000e+00 
0.000000e+00 0.000000e+00 0.000000e+00 0.000000e+00 0.000000e+00 0.000000e+00 0.000000e+00 0.000000e+00 0.000000e+00 0.000000e+00 0.000000e+00 0.000000e+00 0.000000e+00 0.000000e+00 0.000000e+00 0.000000e+00 0.000000e+00 0.000000e+00 0.000000e+00 0.000000e+00 0.000000e+00 0.000000e+00 
0.000000e+00 0.000000e+00 0.000000e+00 0.000000e+00 0.000000e+00 0.000000e+00 0.000000e+00 0.000000e+00 0.000000e+00 0.000000e+00 0.000000e+00 0.000000e+00 0.000000e+00 0.000000e+00 0.000000e+00 0.000000e+00 0.000000e+00 0.000000e+00 0.000000e+00 0.000000e+00 0.000000e+00 0.000000e+00 
